7.731176512037754023e-01 9.563334369023226630e-04 2.259260153593223297e-01
4.612772858408962229e-01 3.433650564853749088e-01 1.953576576737288684e-01
2.405703490770751130e-01 6.072261776571037384e-01 1.522034732658212319e-01
8.287112960648693738e-01 3.026602790531363984e-04 1.709860436560776409e-01
4.699881570547741472e-01 1.958579939055575536e-01 3.341538490396683270e-01
3.859227104804159869e-01 3.869946005337234207e-01 2.270826889858605091e-01
5.491116805966539394e-01 1.132115992464166193e-01 3.376767201569294552e-01
9.876629540839215737e-01 1.231775171753628217e-02 1.929419854217189503e-05
8.615219316516753434e-01 4.915713439307414084e-02 8.932093395525066148e-02
3.461788729289181354e-01 3.783579776744633305e-01 2.754631493966184785e-01
3.061364503090169742e-05 2.816833372073373771e-04 9.996877030177616641e-01
9.998870450885243288e-01 1.115639050892307921e-04 1.391006386532888100e-06
3.070024914529110265e-05 9.999179116325076500e-01 5.138811834722569946e-05
