1.377907417832765274e-05 9.999703631260034031e-01 1.585779981827191960e-05
5.378715375905143148e-01 3.481818037970295099e-01 1.139466586124561476e-01
4.806620529229602701e-01 2.991301998179798916e-01 2.202077472590598661e-01
2.532080476077962494e-01 1.316837032527461426e-01 6.151082491394576079e-01
7.772614696297719394e-02 5.418236787949931577e-01 3.804501742420297594e-01
1.668907316863376677e-01 1.066011398684139633e-01 7.265081284452483690e-01
1.993145724570251354e-01 6.316657870987226753e-01 1.690196404442519951e-01
2.126082124130280471e-01 1.324457090840093776e-01 6.549460785029624921e-01
2.978285314684647744e-01 3.161609204209142043e-01 3.860105481106209102e-01
1.773965446782394817e-01 6.772999047691479202e-01 1.453035505526125704e-01
4.646496860231214949e-06 4.031051156039322671e-05 9.999550429915794458e-01
9.999856784814005195e-01 1.070695599620944179e-05 3.614562603223939055e-06
9.331178266998049026e-06 9.999677939881158606e-01 2.287483361704190294e-05
