7.600996029350753913e-01 2.398748467590688105e-01 2.555030585566570240e-05
4.095939897334931667e-04 2.440879040944034239e-01 7.555025019158631006e-01
1.857704785741553788e-01 2.620008024112755463e-01 5.522287190145689362e-01
7.684182567845381229e-01 2.315170637707364421e-01 6.467944472554624711e-05
1.619730925404417321e-01 3.489235267765490867e-01 4.891033806830091257e-01
4.059494767698398343e-01 2.296750985520283894e-01 3.643754246781317763e-01
2.527384871893256779e-01 2.500604003727600055e-01 4.972011124379142610e-01
7.147442691950460780e-01 5.619271006319908474e-02 2.290630207417547193e-01
9.996637465402484768e-01 3.009075090946851882e-04 3.534595065693055781e-05
2.806363497809244434e-01 2.603517435153127058e-01 4.590119067037628509e-01
9.992533045678926506e-06 9.999868274786289923e-01 3.179988325436260449e-06
9.999875544033824948e-01 7.292941870875556500e-06 5.152654746678392688e-06
2.031112539781816684e-06 3.915532318717748696e-05 9.999588135642729636e-01
