1.388736606130901163e-01 1.899900481831229282e-01 6.711362912037869277e-01
3.748763373446152569e-02 6.467371763656311057e-01 3.157751898999074935e-01
1.933441649838268106e-01 7.184540601136701898e-02 7.348104290048063092e-01
1.932951160104360243e-04 1.309576854762643971e-05 9.997936091154420168e-01
4.491429302981594374e-01 3.622442118392277255e-01 1.886128578626129204e-01
1.830815116176248980e-01 9.789985053424452022e-02 7.190186378481304708e-01
4.877612263486547639e-01 2.853317155492459123e-01 2.269070581020991573e-01
1.769501336997403307e-02 4.263072379846855053e-01 5.559977486453405726e-01
8.083255284887960745e-02 7.354889245072728787e-01 1.836785226438474583e-01
3.793949007843479548e-01 9.311682186246947324e-02 5.274882773531824887e-01
2.018993725035098149e-05 9.998586576668484494e-01 1.211523959012972545e-04
1.158228599436606361e-04 9.790445418341876585e-06 9.998743866946380177e-01
9.999721813073680909e-01 2.022686158385618294e-05 7.591831048035809870e-06
