7.555921834014530671e-05 9.996410212425155262e-01 1.817462726064301233e-04 6.666745252732903524e-05 3.500581401060526700e-05
9.996741237890340859e-01 1.107212058869260950e-05 1.081597046055037095e-05 2.926241528599057319e-04 1.136396705682187849e-05
1.110309667561515910e-03 8.926902023989569113e-01 1.060041097388598058e-01 1.516208997908305369e-04 4.375729483101087070e-05
1.891673322607795722e-06 4.857281860563209541e-01 5.133253778539640377e-01 6.454529291902233804e-04 2.990914872021451908e-04
6.884864072950203637e-05 6.306895742558420448e-01 3.682433306300430531e-01 4.640285365574687399e-05 9.518436197295262286e-04
7.845565913482730304e-04 1.846586626787274088e-01 8.125790667611357820e-01 8.418374817781979131e-05 1.893530220610592984e-03
8.274107004614966612e-05 8.117064223359510527e-05 9.998094651862438065e-01 2.564204620055904023e-05 9.810552758138143110e-07
5.869536168465116165e-05 4.662511351511849334e-06 5.321276471441148681e-01 3.916839553648527363e-05 4.677698265873124761e-01
3.647936070120969882e-05 6.249704327057910400e-05 1.182088255909121838e-05 9.998886555943384824e-01 5.471191306169023132e-07
1.528454241730291437e-03 9.954441663807466201e-01 5.302016689571678728e-04 2.492452225044669133e-03 4.725483521369335747e-06
9.986959471752514528e-01 1.266681744510312210e-05 1.381965311616295281e-05 1.265180563261334356e-03 1.238579092603709282e-05
1.860896057650613879e-06 9.814699993587467919e-01 1.812232314444815404e-02 4.030918552594638430e-04 2.724745487926865251e-06
8.184187459856959689e-04 7.453916180135833347e-01 2.531132122806657447e-01 6.296899296119334464e-04 4.706103015342905197e-05
2.432288411040604626e-06 3.759859241807538277e-01 6.237190793583323734e-01 3.557137002536171912e-05 2.569928024773257959e-04
2.341146796117417675e-02 1.298678062650189665e-03 9.740394007485291272e-01 5.125808319294843964e-04 7.378723957170283581e-04
3.205112971989495000e-05 1.117588901472461112e-04 9.998218513845995581e-01 6.213683328031518083e-06 2.812491220527401853e-05
4.559277814673104185e-04 2.935700341514386653e-05 6.848330109575211377e-01 2.318383404932770944e-06 3.146793858741914751e-01
8.736622778750077918e-06 1.135605134861400710e-06 2.220639733448841484e-05 3.570971160902793842e-04 9.996108242586614345e-01
4.301779828293048130e-06 2.052853724312392658e-06 8.911151921782032372e-06 9.999767544878896963e-01 7.979726636034277385e-06
3.861435717153860578e-04 9.568096377743137149e-01 2.357761364129306615e-04 4.250166666124742532e-02 6.677585631052475020e-05
9.998240068518656765e-01 6.368335648309789817e-06 3.669710969810274335e-07 1.472489047771947588e-04 2.200893661198585850e-05
1.074155679259000207e-04 9.996743092232328598e-01 2.806770258014758982e-06 9.280719374791526783e-07 2.145403666458710150e-04
6.883772793829555717e-04 6.286328121429345384e-01 3.704437719509450222e-01 2.036727363443431224e-04 3.136589039320289576e-05
1.965459045710809996e-04 6.798712884634070530e-01 3.197438005354996116e-01 1.603230437267564039e-04 2.804205279546971065e-05
2.470455246922725050e-06 1.787879267241779680e-04 9.995935078051049194e-01 1.156469852542682503e-05 2.136691143984982869e-04
4.296365448050481558e-06 7.771176022922951596e-04 9.986749268825675374e-01 4.043653541322112927e-06 5.396154961508549007e-04
8.637845367030011696e-05 1.679643640196595864e-07 6.282605641917154982e-01 3.535975014118695266e-04 3.712992918888382010e-01
1.554778936039988169e-05 5.328889246738507783e-07 4.001280416845522926e-06 4.711810262459893098e-04 9.995087370150520512e-01
1.970343153041753041e-04 1.406368163461553270e-05 8.264290268021886134e-06 9.997351454785412539e-01 4.549223425188552578e-05
