3.199339692241710424e-05 9.984817426262392326e-01 1.486263976838274586e-03
7.117487434006302283e-04 6.840745635887027351e-05 9.992198438002405370e-01
6.289434071975347500e-05 9.999271583477297165e-01 9.947311550513712993e-06
1.573899564598815470e-01 8.420668965797978300e-01 5.431469603205426981e-04
8.048516750969771094e-02 9.194564892818752888e-01 5.834320842690024413e-05
3.134416231475157799e-01 6.858714200708707631e-01 6.869567816134771344e-04
5.131226359000577997e-01 4.868662850639552397e-01 1.107903598711728815e-05
9.550412936809825615e-01 4.684375805503277423e-04 4.449026873846715496e-02
3.905769457336119837e-04 7.030650876308197149e-07 9.996087199891786623e-01
1.202152225645752252e-03 9.986453848012784018e-01 1.524629730759096628e-04
4.463132921036118764e-03 5.149270164275005933e-05 9.954853743773210972e-01
9.740643408813477700e-05 9.998883100385099754e-01 1.428352740195310211e-05
1.597235072773953439e-04 9.998235753068792642e-01 1.670118584340504848e-05
1.943830092073264015e-01 8.052067673858502861e-01 4.102234068233260905e-04
3.804800964105381489e-01 6.190673786686577973e-01 4.525249208041280343e-04
4.462406797237231104e-01 5.528253673588304773e-01 9.339529174465490075e-04
9.991025821042314181e-01 2.496955172572641753e-04 6.477223785112711440e-04
2.291965747581025392e-01 1.020271274720441413e-04 7.707013981144255066e-01
1.910887765025481443e-04 1.629508112113862761e-05 9.997926161423763558e-01
1.076592481222367972e-05 9.140828021070527276e-01 8.590643196813510518e-02
2.251081102453434399e-04 4.089316620555621963e-06 9.997708025731339987e-01
2.531875878258895676e-04 9.994653936650771398e-01 2.814187470969429258e-04
7.261573614764753326e-02 9.272757785259689856e-01 1.084853263833618272e-04
3.795201090366136926e-02 9.609438077436859293e-01 1.104181352652479570e-03
3.623278072154385021e-01 6.370850312027651619e-01 5.871615817962252352e-04
3.762643189545574751e-01 6.232744783964119240e-01 4.612026490304727239e-04
9.994114975294010605e-01 1.031571309828081655e-04 4.853453396162562151e-04
2.161794987322216421e-01 1.707976463301261497e-04 7.836497036214482570e-01
2.310300819548988881e-07 7.075632687988670910e-05 9.999290126430380177e-01
