1.582489052084237280e-04 4.463909296455526639e-04 9.991814309526253490e-01 2.139292125206142161e-04
5.760785680282206472e-02 7.612212423187562828e-05 6.847883137703140424e-05 9.422475422415691471e-01
1.811290171601952593e-06 3.650661129655063061e-06 9.999555065010005128e-01 3.903154769817592174e-05
5.433288170808847221e-06 5.571139101932612858e-01 4.426625464980294966e-01 2.181100205385272427e-04
2.076785243824594512e-04 4.043531201111456586e-01 5.954037448043811853e-01 3.545656009073044836e-05
2.907871085603258148e-05 8.571509066013776046e-01 1.427602127101538221e-01 5.980197761253640043e-05
1.620224241184975433e-02 9.837423152305576624e-01 5.053662220639456004e-05 4.905735386130408907e-06
5.384945253780916152e-01 4.613090848534990296e-01 1.804120022665235776e-04 1.597776614278420676e-05
1.147031828978989094e-04 1.944097417057252914e-07 3.806472417669443454e-09 9.998850986008880337e-01
1.024317474217045574e-06 3.543806263050249780e-05 9.999626918889740201e-01 8.457309214163746583e-07
5.335489581589793889e-02 5.585928783139696986e-05 1.044534205479177223e-04 9.464847914757228420e-01
1.544904666855853891e-08 7.863716952065522752e-04 9.992115310490302660e-01 2.081806716639911716e-06
8.809753812961079661e-07 2.820905086248269855e-01 7.177712219832426133e-01 1.373884165491710038e-04
1.272185778572314568e-05 9.988329748429642940e-01 1.134870643202259962e-03 1.943265604770180979e-05
9.438404635165409482e-04 9.881342176164176205e-01 1.092029108449688556e-02 1.650835568951683439e-06
1.310841192966377775e-03 9.984969464881445766e-01 1.908446297768888868e-04 1.367689112302959910e-06
3.773911829175238264e-01 6.224625366854783515e-01 1.276283110205626456e-05 1.335175658957144190e-04
9.994345239859087071e-01 5.273676606980241984e-05 3.635370815079764741e-05 4.763855398706229923e-04
1.548592718526632401e-04 1.701209017286387160e-05 1.595240692004556746e-05 9.998121762310543392e-01
8.982729205540691516e-04 4.796062710683915577e-05 9.526038475194752442e-01 4.644991893286384149e-02
5.734317445584469208e-02 1.152282914540591447e-04 1.131085701627238496e-05 9.425302863956849242e-01
8.939624549678746121e-08 2.981186776826154220e-04 9.996989694372332425e-01 2.822488838746541843e-06
3.378063504627877621e-04 4.028938913742742267e-01 5.967628017743267232e-01 5.500500936294085718e-06
1.968446067827335163e-04 3.503552898457681919e-01 6.493558089616787710e-01 9.205658577036545526e-05
3.904478765736288387e-05 9.990818379651617009e-01 8.780347164923481751e-04 1.082530688311055645e-06
1.650784276424384116e-06 9.993024070640709189e-01 6.694373235198058285e-04 2.650482813299298593e-05
4.369111327709226389e-01 5.629817797552345571e-01 1.702980760650374897e-05 9.005766623636407336e-05
9.986500973193069841e-01 4.803912783247312113e-05 9.147738377147270366e-08 1.301772075476717192e-03
9.617733720682006760e-08 3.378306259425226907e-05 1.384348365101917490e-05 9.999522772764175560e-01
