2.018187356559155907e-04 9.760362270099519622e-01 2.362713492550271022e-02 1.348193288893287465e-04
9.603348528309710698e-04 2.644400816887757617e-04 1.994919347756728199e-04 9.985757331307044682e-01
2.397163069856374110e-04 9.957840801886949089e-01 3.601506235635663303e-03 3.746972686837592766e-04
3.872715018944764042e-04 8.218667551653899839e-01 1.776241461969108593e-01 1.218271358046652268e-04
8.641798255816611615e-04 7.423747179254183148e-01 2.564568634592206964e-01 3.042387897793734342e-04
3.265975250546637319e-04 5.998185038373453626e-01 3.996698363331016024e-01 1.850623044985486606e-04
2.959824370122364837e-04 4.861017933416981185e-01 5.134350865071078962e-01 1.671377141817065944e-04
1.766647667307890627e-04 7.803239525699541524e-05 9.989913173769159327e-01 7.539854610963109662e-04
9.996925389785038529e-01 1.759286644663356593e-04 4.451464649970157287e-06 1.270808923796745054e-04
3.570319456695641449e-04 9.980933056579515128e-01 1.472164910970304380e-03 7.749748540860327975e-05
6.804152429587618026e-04 1.303619434753569301e-04 9.727276704766712253e-05 9.990919500465181846e-01
1.882142111075774072e-04 9.945364577200562772e-01 5.132523787152012788e-03 1.428042816842638152e-04
1.906831150360093136e-04 9.863155456326233583e-01 1.322768547948733296e-02 2.660857728532924830e-04
2.285294809234141771e-04 7.744459143070506757e-01 2.252432710413324601e-01 8.228517069363042950e-05
4.042634588420106396e-04 6.176895526985598517e-01 3.815971063569628119e-01 3.090774856353615640e-04
2.461621795515377738e-04 5.029468212775856095e-01 4.966144837249969468e-01 1.925328178660325542e-04
2.018415359325127995e-04 2.947607184976912785e-04 9.992431533011065792e-01 2.602444444631794472e-04
1.556938232836311831e-01 2.316066988795280335e-03 8.260827130259913442e-01 1.590739670158223748e-02
9.998074619379383465e-01 4.357105093700035882e-05 2.339894825531752126e-05 1.255680628695322540e-04
5.354557387460862246e-04 9.989213728803165715e-01 4.543186023707075096e-04 8.885277856673760594e-05
4.629810364162938673e-04 1.618761561617986140e-04 7.996093539964348477e-05 9.992951818720221535e-01
1.829503966094041744e-04 9.991764424153963819e-01 5.132016858763414208e-04 1.274055021176594940e-04
1.832137203686336907e-04 9.822190123484088042e-01 1.759482484161071017e-02 2.949089611891768110e-06
2.095952283868429136e-04 9.987972247165514128e-01 9.419770017961136971e-04 5.120305326546473608e-05
1.955642294771954516e-04 8.525951512234671847e-01 1.470830764595344731e-01 1.262080875211861485e-04
2.110993099276420825e-04 7.606485858174156789e-01 2.388593351407576615e-01 2.809797318990130154e-04
1.668077764728137437e-04 1.357130505208446487e-04 9.989710632210824226e-01 7.264159519237309249e-04
5.503996949728057891e-02 1.427357517452234464e-03 9.326709552380755275e-01 1.086171774719161404e-02
9.996239755308484742e-01 1.620487413639380985e-04 1.240536134327787482e-04 8.992211435485156733e-05
