9.994649347865908195e-01 1.638762075341321331e-04 9.160107045966465241e-05 3.929165562786983879e-05 2.402962797874747685e-04
6.639765694328134430e-05 1.414890039535822635e-05 9.986894405282509268e-01 9.946585517330228110e-04 2.353543626775265844e-04
9.492311899564322974e-01 5.002269664759934065e-02 8.632383546991936863e-05 9.538638873794482679e-05 5.644031717605548859e-04
7.839481988684400271e-01 2.150237942168449212e-01 2.065634864658370893e-04 1.332993745119992381e-04 6.881440537372936032e-04
6.901881112488192915e-01 3.093177878748799570e-01 1.049202284436693818e-04 1.212688713375009904e-04 2.679117765195076204e-04
4.655761855106369529e-01 5.335337053547367647e-01 5.629342842035638551e-04 2.196066780232652023e-04 1.075681723994390687e-04
3.236759551256154221e-01 6.757832579263092221e-01 2.583634372609355280e-04 2.545555426198780171e-04 2.786796819460069403e-05
1.384348619320216510e-03 9.598476985169642761e-01 2.711127993863835330e-04 3.822670293862629604e-02 2.701371257026765043e-04
3.108133515099620548e-05 1.690995436690101154e-05 2.906568249975793970e-03 6.549000980192870309e-05 9.969799504507043109e-01
9.990643878808418421e-01 4.282277348608825316e-04 6.528123572762470361e-05 8.617523119895239224e-05 3.559279173709574873e-04
5.206159755177170362e-05 1.002321925603258916e-04 9.977105259361623846e-01 1.066346690485211676e-03 1.070833583240116561e-03
9.831229095149273123e-01 1.681097476580343045e-02 2.201808932314115006e-05 1.386916908948801900e-05 3.022846085660635512e-05
8.064983790082413950e-01 1.930095955237082495e-01 3.823046466409859873e-05 1.113934342855711640e-04 3.424015691010145134e-04
6.506034626597368975e-01 3.491503571384670934e-01 8.902390067685627599e-05 5.299050357243236214e-05 1.041657975467817258e-04
5.165549339546569030e-01 4.826477921206656641e-01 3.355635855389631130e-04 3.179354784379014227e-04 1.437748607006541905e-04
4.001757129481612330e-01 5.993905474029092018e-01 1.465221269309430012e-04 1.165830334482543710e-04 1.706344885503817291e-04
1.835938165316954203e-03 9.975744834618502921e-01 4.438999291024208467e-06 5.451827388696258141e-04 3.995663467199218189e-05
3.271821711402481937e-06 2.874580195284956940e-05 5.937342209860091321e-05 9.998084396877761071e-01 1.001692664610734845e-04
8.049648753201864499e-05 2.669053103482175771e-05 4.353423590933798784e-03 7.204523408342232237e-06 9.955321848670910523e-01
9.188833266333249483e-01 8.034728677723562695e-02 3.255999688039704618e-04 1.004516288252003398e-05 4.337414577531398295e-04
1.641311866442193715e-05 3.013183219753262605e-05 9.989282119597642229e-01 3.165487432137849408e-04 7.086943461601581023e-04
9.994984347821472825e-01 2.016650154567448127e-04 8.199639919376795880e-05 1.695316802187552173e-05 2.009506351804559810e-04
9.943091629900755457e-01 5.414532845051458175e-03 7.665028813358026113e-05 9.413165718602315433e-05 1.055222195533154529e-04
9.759099053090931619e-01 2.384505633860222601e-02 8.165933230247459488e-06 1.722024411575102780e-04 6.466997791678670636e-05
7.581157134466137704e-01 2.414902360501833267e-01 1.005869126058235683e-04 1.908294589779062714e-04 1.026341316189876749e-04
6.482139219445616218e-01 3.513723803516932698e-01 2.508061531810112888e-04 7.875254563872255301e-05 8.413900492547101665e-05
2.817295624561488073e-04 9.706883117723029697e-01 2.614660301625378931e-05 2.875828211471086193e-02 2.455299475136136036e-04
1.097941573453046791e-05 1.743921357725548065e-05 1.492779497373602224e-04 9.997577416682033036e-01 6.456175274743733384e-05
9.645905241594324164e-05 7.151970419551799613e-05 4.346335903018143550e-03 3.247220823472308669e-04 9.951609632580231679e-01
