5.351894260399108205e-01 3.963038277857017788e-01 6.850674617438745617e-02
4.828573619010143665e-04 7.359288088749124102e-01 2.635883337631865220e-01
7.405751099565331872e-06 6.057420772502761785e-01 3.942505169986244007e-01
7.857393889130092935e-06 5.701300712899925457e-09 9.999921369048101472e-01
2.197782984041755103e-04 6.593642979682651228e-01 3.404159237333309052e-01
1.357223278242608870e-04 9.997361003567761806e-01 1.281773153993723800e-04
9.994349338585551967e-01 8.565646035257966648e-07 5.642095768414218289e-04
6.686694083894942908e-01 2.864482211854511018e-01 4.488237042505462820e-02
9.997129548094938478e-01 8.760579185091448191e-05 1.994393986553088095e-04
5.888906189143581216e-01 2.872293388694039940e-01 1.238800422162378706e-01
5.552247413221749195e-01 3.662184703757130344e-01 7.855678830211203223e-02
4.438954825632128096e-05 9.999484948606699453e-01 7.115591073618160642e-06
4.320673212498547295e-06 9.999474185197897436e-01 4.826080699772171477e-05
9.999953401114862750e-01 2.548985920946201586e-07 4.404989921585795636e-06
9.998997051502793720e-01 2.011806462591103013e-05 8.017678509493953896e-05
9.969201750594672371e-04 6.249356304406519236e-01 3.740674493842885417e-01
9.991794671436053932e-01 8.038575159383939484e-04 1.667534045641836952e-05
2.656582258118621119e-05 9.927324157139399974e-01 7.241018463478841351e-03
5.600431105343705029e-01 4.386274287075548894e-01 1.329460758074667466e-03
2.562318842354958659e-01 7.436040952518044866e-01 1.640205126996590863e-04
5.783412525770122992e-01 2.850458202738055946e-01 1.366129271491821062e-01
5.638064791552336308e-01 3.486732341031055227e-01 8.752028674166076327e-02
3.188310373121980333e-04 8.191213493551201541e-01 1.805598196075676731e-01
9.512526917631857204e-01 1.822019877856587780e-07 4.874712603482650453e-02
8.936383632937549540e-05 9.999105869756182985e-01 4.918805235063215403e-08
9.999959272437566327e-01 9.573657072389695347e-07 3.115390535905704730e-06
9.998603737013256332e-01 3.869463463479745158e-06 1.357568352108149844e-04
9.999224662595779245e-01 2.041146186631772851e-05 5.712227855579301477e-05
6.830884338229242791e-01 2.249023037947631143e-01 9.200926238231268983e-02
2.954468132623899504e-05 6.574709694144371674e-01 3.424994859042366779e-01
9.996979868033403216e-01 6.423126246600655930e-07 3.013708840351592816e-04
5.960471422271444997e-01 2.864674140467061703e-01 1.174854437261493162e-01
5.302922191718899558e-01 4.052346785972954502e-01 6.447310223081469116e-02
9.999728185119671764e-01 1.201630990188486130e-05 1.516517813095337217e-05
7.067626919430534116e-01 2.223578100523760648e-01 7.087949800457042648e-02
6.922896057364064668e-04 8.139569122598283579e-01 1.853507981344352240e-01
4.058355557061309524e-05 9.998301104162738984e-01 1.293060281555263706e-04
9.996337661445594547e-01 1.755773991839047114e-04 1.906564562564526887e-04
3.102467164590416954e-04 6.416528793904822114e-01 3.580368738930588268e-01
5.769007177401601627e-01 4.158639883856141140e-01 7.235293874225764976e-03
5.840391122715236083e-01 3.174491619761399264e-01 9.851172575233652084e-02
3.318773160486785550e-04 9.996639827558173597e-01 4.139928133827121153e-06
8.568944569587236826e-01 1.429507099564963912e-01 1.548330847799175153e-04
1.523647810088419041e-01 8.463716638494184208e-01 1.263555141739579248e-03
2.433997576516251870e-07 9.999227296347147353e-01 7.702696552760677758e-05
4.787744670825279901e-04 7.544561905817354086e-01 2.450650349511820369e-01
6.727215586059447361e-01 2.832847306181797697e-01 4.399371077587539702e-02
7.019560241103586229e-01 1.773561255633444855e-01 1.206878503262969055e-01
9.377439926114455870e-01 6.799618855149247099e-05 6.218801120000291838e-02
5.586208437058154050e-04 7.293177848958950493e-01 2.701235942603991691e-01
6.035237211642502375e-01 2.883808258316690187e-01 1.080954530040808548e-01
5.300998543693230536e-01 4.003771851617676791e-01 6.952296046890918402e-02
9.541636373927264714e-01 6.161115284564422584e-05 4.577475145442789356e-02
2.420567120815904848e-04 6.872204142410599514e-01 3.125375290468583311e-01
7.227512592464939711e-01 2.391582922014602597e-01 3.809044855204575530e-02
9.353957010113531645e-01 3.294525377547277317e-06 6.460100446326937085e-02
9.999120688627780584e-01 1.333710459974694925e-05 7.459403262221829241e-05
6.818936821343261068e-01 2.577994466698828591e-01 6.030687119579096478e-02
1.355784817851380519e-05 6.655296757046350598e-01 3.344567664471864155e-01
2.874669441391889237e-04 8.140101143203041234e-01 1.857024187355566514e-01
5.952523381188580265e-01 2.850678028771462258e-01 1.196798590039958171e-01
