1.909285872092394143e-01 5.994054338509257479e-02 3.967896164825583938e-01 3.719878874000349662e-04 3.519692650357097996e-01
5.891434824169300422e-02 6.751801102620291825e-06 8.494907051265349063e-01 9.158788771787383653e-02 3.071127955622407002e-07
2.829121871035224917e-02 1.855862821524862094e-01 4.988778810151264786e-01 2.871534137234241224e-01 9.120439861107356794e-05
4.091970651806481568e-05 1.074971491973737397e-09 2.059032136283053975e-05 9.996656634735706648e-01 2.728254235770261873e-04
9.168324032758598530e-02 2.215879432135367731e-05 7.315637184733562171e-01 1.763829077164081882e-01 3.479746883282700052e-04
6.570202759875876227e-04 7.736454422989943458e-01 1.959631802678751857e-05 7.481451512629163520e-07 2.256771929618400230e-01
1.478450633035112705e-01 2.308240606616096511e-06 7.283551406987166224e-05 5.740782962429003530e-06 8.520740521588497929e-01
9.450287291489707364e-01 4.706363623773003602e-02 6.889302101940545341e-03 1.910300062268895202e-04 8.273025051318923977e-04
9.077864122261890752e-06 1.404970851177715348e-04 3.401659554614403739e-05 3.853354271911732520e-02 9.612828657360966700e-01
4.929273413670767212e-01 1.619348024708108823e-05 2.276768780748504584e-01 4.522100707522388324e-02 2.341585800026020625e-01
2.638016010256995503e-01 6.526204445186007709e-03 3.955942376402142302e-01 4.588199188818617804e-04 3.336191369700182707e-01
6.955991111556820766e-05 7.966675444136172013e-01 2.032290985494015489e-01 2.739726780496831359e-06 3.105739908508393346e-05
2.341418231820064668e-05 9.439792937340195644e-01 5.586163629178560186e-02 4.548049484177314668e-05 9.017529703495705197e-05
1.149699038565616376e-05 6.830395902537242381e-02 5.690385822542881416e-05 1.409956535901511179e-04 9.314866444724264616e-01
8.440467878024924264e-01 4.597256454113885930e-05 6.238457674548377862e-04 1.064891961060033670e-01 4.879419775950828014e-02
6.456738789852699278e-02 6.587278276887467698e-02 6.374691304902544431e-01 2.320899271136031838e-01 7.717287407328944349e-07
1.763247373461273859e-01 6.438782401315037290e-04 1.236456161792805588e-04 6.013314146497981419e-07 8.229071374661471872e-01
1.879673491556990207e-05 5.686519426379411657e-01 4.313246059431244395e-01 3.976179601680034633e-06 6.785044171944229425e-07
6.782314209542633643e-01 2.380273843616067531e-01 8.191776283282403703e-02 2.752430694284467230e-05 1.795907544362922159e-03
7.092857330120335953e-04 7.701542481340680757e-01 1.675157614499663103e-04 3.095772418385711627e-05 2.289379926472862037e-01
1.962135912789590708e-01 2.485164661828888899e-01 8.649511512771508592e-02 1.292747750387886474e-01 3.395000523716483753e-01
2.927699452423175308e-01 9.236502565594009295e-04 3.624507435652924991e-01 2.810394438340081918e-04 3.435746214919965791e-01
1.805003989396632965e-05 4.806755376450572604e-05 9.910219388600185475e-01 8.869235483521907895e-03 4.270806280100020446e-05
3.424253513939303265e-05 2.726413369600386768e-03 2.239482295847089119e-02 1.343639846157319677e-02 9.614081226752160259e-01
1.735109375104661341e-04 9.992346780578338361e-01 5.827505479234220635e-04 8.402120150124690900e-06 6.583365821312880355e-07
1.019825151570134700e-04 8.791455905136756621e-02 7.612769382333191553e-05 6.068828508306872303e-06 9.119012619111436235e-01
5.539566402422195718e-04 1.831049501242643270e-04 9.734351537148185226e-06 4.727193357363244225e-03 9.945260107007333206e-01
5.559063691853534985e-05 9.444423197502997729e-06 1.266759818408322251e-05 1.376565377093898757e-01 8.622657596323101137e-01
9.474280361875750955e-01 2.143878169734576540e-04 5.493537198679268211e-05 3.713331248548343982e-02 1.516932813798108938e-02
1.024859973379623895e-01 8.310998295466326315e-04 7.191630336265888435e-01 1.775193814516444479e-01 4.877542576783567058e-07
7.536961589302285038e-05 3.325649833210637257e-02 5.667785478687303517e-07 4.221276498717788735e-05 9.666253525084654852e-01
3.834312602788472746e-01 2.096925253376909649e-03 2.612343061649045062e-01 3.902136993488386496e-02 3.142161383679874520e-01
2.162027981847713942e-01 5.165604598353291249e-02 4.093957758311086992e-01 3.329754493675083217e-04 3.224124045512193892e-01
1.420002882254587477e-05 5.661391191580476546e-05 3.250287417656021535e-05 8.709197022627122864e-02 9.128047129588136022e-01
9.598704627287064639e-01 4.244573177583632335e-04 3.943887394078850233e-05 2.021484258145120338e-02 1.945079849814331657e-02
1.570014201232143580e-04 1.315811209187479414e-04 9.995032661797498275e-01 2.038848535271113355e-04 4.266425680972362815e-06
3.521639548465109367e-05 9.998615656500143833e-01 9.914884259341078128e-05 3.971862679244100783e-07 3.671925639587765362e-06
6.827790848581123478e-05 3.005460052394480497e-02 6.001844699570161078e-06 3.430896996576416995e-04 9.695280300232120840e-01
1.041730825331507460e-01 8.316314909807975158e-05 7.011533286815538890e-01 1.945457005157001928e-01 4.472512049714954017e-05
7.107179205512164089e-01 2.104211250810077705e-01 7.873840820759735182e-02 4.245978177670511194e-07 1.221215623608625401e-04
3.058414773073135917e-01 1.342615483872625472e-03 3.253583150959887815e-01 1.451805004880573312e-02 3.529395420640192294e-01
3.234443136523255631e-05 9.997382856084964242e-01 2.263517865266954595e-04 3.010778318309855191e-06 7.395293343031669469e-09
2.171470410855451220e-03 2.666447248210702670e-01 2.012302020297344297e-05 4.138408397328539938e-05 7.311222976638980242e-01
2.294723890307621139e-01 7.687372157062837275e-01 1.418911819493219725e-03 2.463780947791108884e-04 1.251053486819100077e-04
8.695594223999126102e-07 9.999931761295605126e-01 5.131474927986194653e-06 6.015806564584140341e-07 2.212554326560830380e-07
3.676866771182436128e-02 1.075402787752993948e-05 8.897328808694309199e-01 7.348435971648126230e-02 3.337674386080357887e-06
9.997923839327067519e-01 5.117657566598866604e-05 1.918052276371489759e-05 3.243366234758693190e-06 1.340156026286801899e-04
9.099805777764786718e-01 8.318781453541562081e-04 6.185858707336964633e-04 7.607157446559272007e-02 1.249738374184087078e-02
8.464377450695748095e-01 3.682658536838827519e-04 3.749216104656338733e-06 6.184773721417891057e-02 9.134250264645790707e-02
9.436833138249954567e-02 3.614833888048141989e-04 8.068176217240982107e-01 9.842160912502638526e-02 3.095437957113706957e-05
3.205070701485931428e-01 5.697139092138921211e-04 2.909420505262675927e-01 2.900026779992503564e-02 3.589808976160003828e-01
1.674007058189501684e-01 6.817123017299599186e-02 3.967605307026451644e-01 1.043643370663439987e-04 3.675631689683422909e-01
7.810751468421833765e-04 1.670014030559263175e-04 8.509283294582476141e-07 1.697801363929921439e-02 9.820730588824735374e-01
9.714255381123326760e-02 1.825067098618429761e-04 7.585397720007651667e-01 1.439334723172251140e-01 2.016951609146812373e-04
9.976551108447750948e-01 1.723759442005620446e-05 2.950174600313831971e-05 3.156237338792366159e-07 2.297834191067579194e-03
1.144155609460047423e-04 8.717798885215595371e-07 1.545218589594559986e-05 6.093703197357497325e-04 9.992598901535337808e-01
5.062048183925434109e-05 1.366596040795226355e-02 1.012832118715853793e-04 1.662097219421472386e-04 9.860159261763948857e-01
9.962577096588773884e-01 5.289404631354226866e-04 7.442735965082238590e-05 2.444094323277950370e-03 6.948281950583624564e-04
8.736863513072820608e-02 8.667798529872504376e-02 6.347958778403841595e-01 1.911317433296268742e-01 2.575840053578746247e-05
2.461120035804944530e-04 7.887652188950822734e-07 9.863603490188532774e-01 1.338054862431838597e-02 1.220158802896294387e-05
3.540890071100887826e-01 1.424767145775159699e-02 2.523791937289047715e-01 4.448005620675742067e-02 3.348040714964974351e-01
