8.434642607332459852e-02 4.784180535473453455e-01 4.372355203793299450e-01
2.652302836970571454e-01 7.345363224353487208e-01 2.333938675941357006e-04
3.919261093705272425e-01 6.072568545806819040e-01 8.170360487908766550e-04
9.999448704366052931e-01 9.430294420093554610e-06 4.569926897460038881e-05
3.529609077159601704e-01 6.466866875633202616e-01 3.524047207196741088e-04
1.101590614767758051e-04 5.946948287769250330e-01 4.051950121615983669e-01
3.508879684054003883e-04 1.136874756078369141e-03 9.985122372755163012e-01
5.879868542982386037e-02 3.797811648796498574e-01 5.614201496905263378e-01
3.911885104972281446e-04 4.230489179665841134e-05 9.995665065977060726e-01
1.434630865145383738e-01 3.907617706609195496e-01 4.657751428245419101e-01
9.809033921748998297e-02 4.582474826648728627e-01 4.436621781176370849e-01
1.676855685219320782e-04 9.997473423483298482e-01 8.497208314836857395e-05
1.405045116330866546e-04 9.997539183355210746e-01 1.055771528459796836e-04
1.877641605742685221e-04 2.448973595876693162e-04 9.995673384798380301e-01
1.846003592462413800e-01 2.087018053885227320e-01 6.066978353652359157e-01
3.881785752758524777e-01 6.111469055262788164e-01 6.745191978686422042e-04
8.541601786947825709e-04 1.096448637360520617e-01 8.895009760852531366e-01
2.564195708395778360e-04 9.997026504281769643e-01 4.093000098338832072e-05
3.412961380283990181e-02 5.312617693890927528e-01 4.346086168080672829e-01
1.825667955298752648e-04 5.950295270444750928e-01 4.047879061599949368e-01
1.541276015286701107e-01 3.654638151771325005e-01 4.804085832941973333e-01
1.060518548398580868e-01 4.406418995207357914e-01 4.533062456394062467e-01
1.814639444723430417e-01 8.181336012333533247e-01 4.024542943037204517e-04
3.520498116156960404e-04 6.266615313756459952e-05 9.995852840352466018e-01
9.728686374492270263e-05 9.997790720808006348e-01 1.236410554544855852e-04
9.117002293652280796e-05 1.756454800985073528e-04 9.997331844969650216e-01
6.103873500728539472e-04 4.814825845474614426e-05 9.993414643914724227e-01
1.181001329736844907e-01 4.727683732018466345e-05 8.818525901889953111e-01
1.079433425658936352e-01 2.197510625793464012e-01 6.723055948547600469e-01
3.489335389992677672e-01 6.507882152061695846e-01 2.782457945625224291e-04
1.802827138486889338e-04 1.038545954253860512e-04 9.997158626907259871e-01
1.340706646385412537e-01 3.834505883066412490e-01 4.824787470548174140e-01
7.972785732300824435e-02 4.886321924272592487e-01 4.316399502497324514e-01
7.438919943514282762e-02 5.848443621019090445e-05 9.255523161286469680e-01
1.202381906211632129e-01 3.986693944408301049e-01 4.810924149380067516e-01
1.920445201599515483e-01 8.069747411119915226e-01 9.807387280569984656e-04
2.150034455058518355e-05 9.999659791448084478e-01 1.252051064101732159e-05
2.657368298229654743e-04 1.212586003567054673e-04 9.996130045698202737e-01
3.686474780088758729e-01 6.310063151522619096e-01 3.462068388621884242e-04
3.937062169297836367e-02 5.089693647839537149e-01 4.516600135230678936e-01
1.191469572579554465e-01 4.170310832993950334e-01 4.638219594426494785e-01
1.181930804704560346e-04 9.997124242538109051e-01 1.693826657186024622e-04
7.846047431850216051e-04 2.230803735689506906e-01 7.761350216878641906e-01
9.178879332268857858e-04 9.871805708651539835e-01 1.190154120161915699e-02
4.070772723945245041e-05 9.998727146375772090e-01 8.657763518327753834e-05
2.450138958036917891e-01 7.547841622845282705e-01 2.019419117800418453e-04
5.667198804108736915e-02 3.745653656972645629e-01 5.687626462616480749e-01
1.650702582112317796e-01 3.229091739525105087e-01 5.120205678362577117e-01
1.311703690972255698e-01 2.052147818972409610e-01 6.636148490055334692e-01
2.749330686658147394e-01 7.249990328198390177e-01 6.789851434642666219e-05
1.253801231624188661e-01 3.861766005139241620e-01 4.884432763236569719e-01
9.046432114384794776e-02 4.852333077742990719e-01 4.243023710818529803e-01
2.835704407375331366e-04 1.008385646755914411e-05 9.997063457027950406e-01
3.194437226865284862e-01 6.802934724815900003e-01 2.628048318814764643e-04
6.083616713292054612e-02 3.532887318322405767e-01 5.858751010348388633e-01
4.288054075911530336e-04 1.463293319344218988e-04 9.994248652604744709e-01
1.312969546456463181e-04 3.641978146931901575e-05 9.998322832638850688e-01
6.720402485213289312e-02 3.469950763677881467e-01 5.858008987800790157e-01
3.332357327513771894e-01 6.658982874833181409e-01 8.659797653046196007e-04
1.887655829797902918e-01 8.109123660256765120e-01 3.220509945333062895e-04
1.367161270060469336e-01 3.792596625818879796e-01 4.840242104120650035e-01
