2.793621952491293081e-01 7.709581826889605038e-04 3.980940612691348801e-01 3.190062136111495583e-01 2.766571687897225514e-03
5.323286490970482494e-05 1.464133864901357163e-01 8.522181231985266336e-01 1.465648958052646444e-04 1.168692550622790673e-03
5.854004525296131745e-02 2.861267760805454308e-01 6.293732950798914816e-01 1.307511951069367968e-02 1.288476407590815123e-02
1.954358882291708412e-06 9.999648434010928177e-01 9.005447690638610737e-07 2.743500495976424882e-05 4.866690295996791313e-06
6.575555159595363689e-04 2.297418313146944724e-01 7.682179972999177986e-01 1.412275291936652152e-04 1.241388340234462519e-03
5.069667520257683429e-04 1.366085034118778884e-04 3.521646106121631252e-04 1.134704687833670567e-01 8.855337913505831882e-01
8.422898313501923917e-02 2.479219678997578061e-04 5.520538196904255235e-03 8.974069170613004909e-01 1.259563963887617467e-02
9.058686443931472931e-01 1.634468621644283445e-04 9.354683438258612482e-02 1.456412229120808942e-04 2.754331391898333825e-04
5.390295580022583374e-04 3.741109058385110064e-05 7.272107759534631030e-05 9.993459812089834360e-01 4.857064835042619383e-06
3.578151181523223090e-01 6.766366038230087199e-02 2.411523564453782742e-01 3.027934791355495481e-01 3.057538588444885796e-02
2.422541337943198980e-01 3.890871046122629327e-03 3.920467150692038549e-01 3.612381896231109391e-01 5.700904672426362766e-04
1.534576890009465926e-05 1.616397241675225670e-04 4.076296456261406798e-01 3.730731995617335905e-05 5.921560615608356670e-01
2.633960012040578464e-04 2.577326434142200064e-05 1.094796458339148369e-02 2.235036385421692247e-05 9.887405157872086736e-01
5.598671862522726361e-04 3.567357885568660507e-05 9.323164551209888113e-05 9.991413958985889687e-01 1.698316907910884827e-04
8.124804757114114651e-01 9.872817841610093126e-02 1.651195415294365028e-04 8.852878209968215173e-02 9.744423127593363659e-05
1.757230527834155107e-03 2.763851769473890108e-01 6.828800404453964079e-01 4.791901290093416189e-04 3.849836195037117936e-02
3.065697755165270634e-03 7.945196066742663931e-05 1.308855724894553282e-03 8.521302043625190725e-01 1.434157901967537674e-01
9.826825433215986708e-05 8.078982636225600972e-05 6.182400738773234927e-01 6.757847919184578420e-06 3.815741101940628988e-01
5.564059925340983925e-01 2.164780537807668644e-05 9.571130157623951307e-02 5.319020198058155985e-02 2.946708561037025831e-01
6.605935738691074083e-04 2.833486424850220105e-05 4.072647752208595202e-04 1.213899377231170834e-01 8.775138690635443384e-01
3.242862213229593671e-01 7.126786384042775591e-02 2.541782606873363437e-01 3.470745898717232381e-01 3.193064277553322138e-03
2.896844078709183146e-01 1.717664381983361258e-02 3.602291621375631747e-01 3.322576118515995214e-01 6.521743200853774135e-04
1.017435259356245172e-05 6.390045919302068944e-02 9.359304209607149927e-01 2.023025223552267835e-05 1.387152414351302729e-04
5.742773497629844077e-05 1.394588809242203620e-04 1.052402401551473982e-04 9.995919573257756596e-01 1.059158181686529630e-04
1.777282205858991618e-06 4.201621335094770842e-06 9.370232880333076442e-04 1.378568776067923462e-07 9.990568599515482484e-01
2.924232001583224137e-03 1.127168351545394201e-04 3.634298459128951979e-04 9.959822260049401299e-01 6.173953124092231319e-04
1.272541527277756964e-04 8.770489227468180650e-05 8.372949378853534021e-05 9.996630358526046312e-01 3.827560860433571241e-05
8.871180857108294381e-05 2.021695509100172666e-05 1.394275510931265791e-05 9.998141769587488570e-01 6.295152247979667872e-05
9.713200015855673053e-01 2.796899953266087854e-02 4.761623886315613659e-04 2.025367862956207771e-04 3.229970684458259767e-05
8.235322498589299619e-04 2.341423560819906324e-01 7.620289890718334735e-01 1.327291988813842846e-04 2.872393397435459971e-03
1.792126422351330130e-04 7.449539806086772611e-05 7.807334122667139930e-05 9.996029259398285793e-01 6.529267864881578467e-05
3.709095692161143432e-01 5.016235583975366813e-02 2.650289265766127556e-01 3.121664898526660958e-01 1.732658514853298651e-03
2.051152624325459639e-01 5.083047333907261909e-04 4.357731001919139535e-01 3.492008379313051303e-01 9.402494710844236728e-03
1.333586979552710587e-04 8.330160981932887134e-05 9.474864543625393070e-05 9.996657301638339765e-01 2.286088295523854401e-05
9.799038798089971802e-01 1.870643422806299652e-02 1.068822621623792459e-03 1.856323667258919505e-04 1.352309745900918069e-04
2.727819393410470196e-05 7.820728757039252521e-02 9.077517816449858223e-01 8.419910752322723934e-04 1.317166151545524216e-02
3.179125610567747848e-05 1.730474762112005204e-06 1.959373866878561920e-03 1.152892910840193067e-06 9.980059515093427924e-01
6.544246745981131775e-04 9.226873676077695799e-05 1.736448491287520459e-04 9.989624171453576063e-01 1.172445941547821006e-04
5.476926081076325141e-04 2.484698313896085975e-01 7.474105211612739330e-01 1.941683945354386227e-04 3.377786446474297013e-03
6.789783479652905518e-01 1.121563482878717570e-04 1.110930114398018947e-01 8.482316213186275869e-04 2.089682526253010264e-01
3.034121738073515817e-01 3.460095354289276920e-02 3.207022512365477751e-01 3.377099204247547837e-01 3.574700988453077734e-03
8.741979043064528461e-06 2.433092460106751365e-06 3.737159293760837909e-04 4.787775925145989883e-07 9.996146302215281887e-01
2.277218750747129789e-04 2.198040213202878660e-05 2.320884237313254050e-01 7.155563531176346581e-01 5.210552087383331366e-02
8.731692289702054979e-03 3.661161473740009585e-04 4.240242404832774044e-03 1.300943289117046807e-04 9.865318548291795997e-01
1.093808889632919890e-04 4.902979554099798750e-05 1.406487595204449360e-04 1.000197777334728167e-05 9.996909385782019042e-01
1.890686855331329185e-04 1.290999574016820084e-01 8.698871347849648217e-01 2.078852264869166975e-04 6.159539013332529641e-04
9.021461572577379462e-01 6.879324831855751954e-05 9.387981950207560655e-02 3.738260672707975456e-03 1.669693191599250172e-04
9.146168738907614060e-01 6.561789430494460729e-02 2.455472429670240353e-04 1.930781539300074554e-02 2.118691683259578819e-04
9.486561616813610209e-01 5.085296104071861806e-02 3.439949127090409140e-05 4.035915994515104220e-04 5.288618719786928820e-05
1.245268968067222200e-04 1.735940909087612116e-01 7.946141481327486655e-01 8.966827498559892503e-04 3.077055131182746331e-02
3.547244667030615695e-01 4.559362147602391557e-02 2.795253237877643460e-01 3.197897742030215151e-01 3.668138301285523372e-04
2.377188295329605294e-01 1.183273418120871136e-03 4.110391234655633719e-01 3.397147442896774616e-01 1.034402929367771520e-02
8.812360212295545494e-04 7.888019540562346207e-05 1.017594019158435013e-04 9.987337468846453348e-01 2.043774968036216229e-04
7.965755100851932636e-04 1.987903893787079934e-01 7.955862852036378330e-01 5.839952381347318855e-05 4.768350383755500660e-03
9.671789495909310919e-01 2.940992013555090122e-04 3.196172575725728104e-02 2.445727804874955175e-04 3.206526699688252015e-04
3.785655645001331933e-04 7.208409849439307128e-05 9.220621190809302994e-06 9.995203325444171893e-01 1.979717139752617375e-05
3.704021462615509209e-04 2.432418298111443835e-05 2.204713957773095904e-05 9.995704706911358040e-01 1.275584004368090481e-05
9.548658581888617158e-01 3.204579335826762926e-04 4.413930932474217222e-02 1.526571618514522427e-04 5.217173909619762188e-04
2.415046687991151582e-03 2.431948325933546706e-01 6.543232034167337785e-01 2.513095729236335726e-04 9.981560772899672473e-02
1.065722154305193933e-04 6.932453316662549880e-02 9.302881575250749879e-01 3.110942345911339263e-05 2.496276694097832342e-04
3.861636408334517823e-01 5.384849987428246693e-02 2.550978484780085931e-01 3.044538408223437242e-01 4.361699919133648989e-04
