1.711007927702648925e-04 9.998112922917254952e-01 1.760691550424020780e-05
1.176112562657563050e-07 9.999997017819804990e-01 1.806067632301909553e-07
7.857475142051525974e-02 9.213729107392869544e-01 5.233784019788453678e-05
1.389649601475853313e-01 8.610331027060951214e-01 1.937146319694349375e-06
1.805063458519757524e-01 8.194791262470212390e-01 1.452790100305217786e-05
2.533406760977022776e-01 7.464212619327407205e-01 2.380619695570326919e-04
3.005316259844085236e-01 6.994453124495468854e-01 2.306156604463123315e-05
3.504170167139990522e-01 6.494999066565075863e-01 8.307662949336591001e-05
4.248616261862229182e-01 5.749764631348251998e-01 1.619106789519187209e-04
4.785265854480965086e-01 5.213893065431683960e-01 8.410800873516759320e-05
5.267985970219001279e-01 4.730195100798721408e-01 1.818928982276627534e-04
5.835109850322237612e-01 4.164879382256228002e-01 1.076742153437066374e-06
6.095971033157623342e-01 3.902972720818370655e-01 1.056246024005542207e-04
6.872171675100587906e-01 3.127825830024783538e-01 2.494874629352355445e-07
7.301912108951446045e-01 2.696222650516553743e-01 1.865240531999883650e-04
7.852961585529719679e-01 2.145588424929340265e-01 1.449989540940094690e-04
8.119296739192105594e-01 1.877922377304657997e-01 2.780883503236888520e-04
8.996485945844047150e-01 1.002681088050573349e-01 8.329661053802283135e-05
9.075649254521823694e-01 9.198132181670072571e-02 4.537527311168609834e-04
9.999980941734443185e-01 1.173482349419837486e-06 7.323442062679765704e-07
9.998366429033598290e-01 1.094742370827271643e-04 5.388285955729657262e-05
1.665609157656632836e-04 9.994350855687405000e-01 3.983535154938382616e-04
1.891919509765669066e-03 9.976991440521990606e-01 4.089364380353705517e-04
9.477246539287872973e-02 9.040661013788714451e-01 1.161433228250003660e-03
1.554197434285453094e-01 8.035745290667254404e-01 4.100572750472918082e-02
1.972162577327822020e-01 7.725595928159165737e-01 3.022414945130111330e-02
2.557272767920731882e-01 7.154625262576804756e-01 2.881019695024624253e-02
3.124563892201363546e-01 6.593140114444192568e-01 2.822959933544424982e-02
3.576260822906781045e-01 6.184945300136232005e-01 2.387938769569858746e-02
4.245803871139979813e-01 5.482617792297920234e-01 2.715783365621007861e-02
4.774177105954291456e-01 5.186478671503356175e-01 3.934422254235293327e-03
5.276382163642194811e-01 4.475806052586383532e-01 2.478117837714220381e-02
5.775350510303453033e-01 4.009255379251787099e-01 2.153941104447599370e-02
6.455821042588508751e-01 3.534592031783494459e-01 9.586925627996674675e-04
6.856717020875348068e-01 2.948027463362946077e-01 1.952555157617076945e-02
7.331155219402650802e-01 2.414493399027766996e-01 2.543513815695818553e-02
7.999293389771745533e-01 1.953210254652109901e-01 4.749635557614555539e-03
8.457443549365891711e-01 1.474902275373629057e-01 6.765417526048036860e-03
9.003910029565689310e-01 8.053685840386508310e-02 1.907213863956584710e-02
9.990010058758841405e-01 6.909859070734972316e-04 3.080082170422676993e-04
9.999946611572692046e-01 3.785728657310231538e-07 4.960269865204409405e-06
1.434608382981026860e-05 9.168821639096291776e-01 8.310349000654097817e-02
5.038257792218618636e-02 8.561972278515207480e-01 9.342019422629299630e-02
9.674621751642331624e-02 8.302652577359544983e-01 7.298852474762229647e-02
1.345825308484713267e-01 7.871531728834528785e-01 7.826429626807571149e-02
2.017844587280944457e-01 7.211648096316539691e-01 7.705073164025158516e-02
2.525806506128463469e-01 6.715268789073545186e-01 7.589247047979917615e-02
3.179671237449460675e-01 6.074562753099739254e-01 7.457660094507999327e-02
3.595342444352255251e-01 5.616791818795234814e-01 7.878657368525100735e-02
4.181049596430776449e-01 4.960488707130191188e-01 8.584616964390322236e-02
4.734676331999326804e-01 4.486332516250945979e-01 7.789911517497268012e-02
5.250295133922456836e-01 3.994225524388065329e-01 7.554793416894758917e-02
5.815081335398164519e-01 3.441877801398017245e-01 7.430408632038172645e-02
6.282078021625520092e-01 2.824416232057905818e-01 8.935057463165727021e-02
6.920032576402583846e-01 2.347929950716491354e-01 7.320374728809259102e-02
7.349515135612968431e-01 1.899753108253026401e-01 7.507317561340058620e-02
7.974521814355364224e-01 1.301556358163691307e-01 7.239218274809447462e-02
7.672703699749267026e-01 1.169770235203858449e-01 1.157526065046875219e-01
9.032065021843920238e-01 2.461403145107755874e-02 7.217946636453027864e-02
9.469464756018854956e-01 2.078938716694753657e-05 5.303273501094745573e-02
9.739240587399671629e-05 8.611916000416935946e-01 1.387110075524323749e-01
3.939590942636129328e-02 8.125015255647608514e-01 1.481025650088778622e-01
9.249051278952812039e-02 7.679503101775418950e-01 1.395591770329299985e-01
1.327159943819144483e-01 7.279153822329010870e-01 1.393686233851844369e-01
1.922198602291782521e-01 6.687707354801146753e-01 1.390094042907070448e-01
2.498175985674013777e-01 6.084058547839282793e-01 1.417765466486705095e-01
3.568253674242182760e-01 5.069894901590988878e-01 1.361851424166829194e-01
4.201401837693409247e-01 4.418879175373579549e-01 1.379718986933010372e-01
4.647194354007297967e-01 3.954824133964862098e-01 1.397981512027840489e-01
5.225303741687440384e-01 3.345235047773141845e-01 1.429461210539416938e-01
5.737265798968073094e-01 2.937452722551900375e-01 1.325281478480027919e-01
6.480102258435045393e-01 2.141969466586998716e-01 1.377928274977954781e-01
6.791911614872332414e-01 1.928419205645698353e-01 1.279669179481969510e-01
7.650505295531441208e-01 1.132785694915145747e-01 1.216709009553413740e-01
7.996948356592810114e-01 6.387472053732068389e-02 1.364304438033982492e-01
8.365570635165560098e-01 3.985949141291084130e-02 1.235834450705332460e-01
8.931557181799738565e-01 1.393461982752197049e-06 1.068428883580434113e-01
2.926409501751167982e-06 7.958089251744601134e-01 2.041881484160381899e-01
1.061776185674011708e-03 7.914241997973403553e-01 2.075140240169855987e-01
8.713337038449428529e-02 7.303624377782719224e-01 1.825041918372337646e-01
1.387580524422349360e-01 6.567525142235777214e-01 2.044894333341872039e-01
1.890926612747861335e-01 6.214783464413077274e-01 1.894289922839062779e-01
2.504534056364671191e-01 5.511100927589787091e-01 1.984365016045541996e-01
3.125251383566204355e-01 5.016263751001546201e-01 1.858484865432248612e-01
3.501162030291435912e-01 4.535874571720627801e-01 1.962963397987936565e-01
4.225006721537175047e-01 3.994441808683683592e-01 1.780551469779142471e-01
4.697183009189535019e-01 3.407380564670906553e-01 1.895436426139557873e-01
5.048967654429210583e-01 2.947425296559058605e-01 2.003607049011731367e-01
5.855138892765044956e-01 2.302213445856357010e-01 1.842647661378597479e-01
6.397466431389964292e-01 1.724691168138239861e-01 1.877842400471795847e-01
7.013148774710629141e-01 1.127668179276464511e-01 1.859183046012906071e-01
7.459972704402856314e-01 7.642328407787722655e-02 1.775794454818371837e-01
8.032579499840439841e-01 5.795108217661029161e-03 1.909469417982949668e-01
8.124840007964013733e-01 1.088374743574578156e-04 1.874071617292412395e-01
3.856555838916135009e-07 7.547919112563804545e-01 2.452077030880356057e-01
3.035612502342280999e-02 7.108131241759244601e-01 2.588307508006526536e-01
7.766931438362911777e-02 6.630236922322899629e-01 2.593069933840809194e-01
1.401202391836503525e-01 5.896063828857716071e-01 2.702733779305780959e-01
1.949420297063523821e-01 5.614925200714470099e-01 2.435654502222005247e-01
2.511322476396088965e-01 4.997946162761351396e-01 2.490731360842559361e-01
3.062697773842185667e-01 4.269284636305156755e-01 2.668017589852657578e-01
3.666485292981023769e-01 3.883761385221455864e-01 2.449753321797520922e-01
4.105445737905529247e-01 3.391349066044883065e-01 2.503205196049587689e-01
4.801906563570805253e-01 2.864319160499363970e-01 2.333774275929831887e-01
5.138221266034833645e-01 2.392248214484576918e-01 2.469530519480589714e-01
5.871050745175860897e-01 1.672971341788364597e-01 2.455977913035774785e-01
6.427719042069086619e-01 1.256443816024038207e-01 2.315837141906874896e-01
6.717371228615699463e-01 8.407066749843079834e-02 2.441922096399993525e-01
7.571546430522422266e-01 9.967717509201887431e-05 2.427456797726656734e-01
7.796661407237027719e-01 3.417454351177032766e-04 2.199921138411796706e-01
1.962431688749011215e-04 7.016780240099870225e-01 2.981257328211380231e-01
2.270674884382730546e-02 6.572118552003783920e-01 3.200813959557943233e-01
9.478970131844312308e-02 6.119108315211083671e-01 2.932994671604484682e-01
1.313371425690187388e-01 5.520714732825963145e-01 3.165913841483850022e-01
2.063163618746508277e-01 5.037188963592698077e-01 2.899647417660793369e-01
2.434583732814109835e-01 4.466092589354243025e-01 3.099323677831647417e-01
3.049272087642094786e-01 3.811782546800216442e-01 3.138945365557688771e-01
3.536106592914093349e-01 3.316059759192637180e-01 3.147833647893269471e-01
4.020671647699287643e-01 2.874046908073739637e-01 3.105281444226973275e-01
4.814728837278223206e-01 2.260112780766461438e-01 2.925158381955315634e-01
5.057009642045069420e-01 1.942962353168409817e-01 3.000028004786521318e-01
5.648028613022011424e-01 1.085748581317954042e-01 3.266222805660034534e-01
6.414492411577169539e-01 6.494679878920278648e-02 2.936039600530802596e-01
7.082325271235785369e-01 4.630055420795849716e-05 2.917211723222134512e-01
6.741619858587651892e-01 6.792525540293824378e-06 3.258312216156946106e-01
6.042817414769445240e-05 6.668060409797536003e-01 3.331335308460985911e-01
4.256632584200628622e-02 5.876433852348501574e-01 3.697902889231436951e-01
8.782496940400322250e-02 5.668301258602682635e-01 3.453449047357285417e-01
1.393924138474200158e-01 5.088236168418883709e-01 3.517839693106918353e-01
2.024511333191916507e-01 4.540220098880903832e-01 3.435268567927179384e-01
2.610086885893598274e-01 3.990562048055634747e-01 3.399351066050766423e-01
3.187746220591834989e-01 3.410795504591820348e-01 3.401458274816344662e-01
3.625006263605319856e-01 2.860302981994772842e-01 3.514690754399906747e-01
4.249200452793234772e-01 2.314621529618949292e-01 3.436178017587815381e-01
4.750196796920318487e-01 1.821670348032352893e-01 3.428132855047329453e-01
5.315616746165203743e-01 1.257228515523425849e-01 3.427154738311369297e-01
5.698600833053847348e-01 8.088507549012784181e-02 3.492548412044875206e-01
6.425755812176758841e-01 1.606056820187499318e-02 3.413638505804491019e-01
6.585092987759388894e-01 7.607695878756054345e-05 3.414146242652735252e-01
7.705062934445747766e-05 6.053395478558164511e-01 3.945834015148391161e-01
2.760473061075503082e-02 5.506212959342042801e-01 4.217739734550406960e-01
9.004363344537155700e-02 5.104651786204255082e-01 3.994911879342029071e-01
1.473584325366230352e-01 4.431691557311687735e-01 4.094724117322082191e-01
1.995946798104827891e-01 4.019289970809202805e-01 3.984763231085969859e-01
2.546265099579628211e-01 3.328836982126396338e-01 4.124897918293976562e-01
3.082469069841045073e-01 2.905974089231415092e-01 4.011556840927539835e-01
3.689615033687553836e-01 2.275829026433761615e-01 4.034555939878685105e-01
4.268379217011705196e-01 1.819562266220977054e-01 3.912058516767318306e-01
4.588950250812725562e-01 1.235378476015210891e-01 4.175671273172063547e-01
4.980752851678269533e-01 6.948752715396798452e-02 4.324371876782050483e-01
5.822132510183517518e-01 1.049365006719683423e-03 4.167373839749285436e-01
5.715450509149250236e-01 8.209880027377594353e-05 4.283728502848012099e-01
7.056777657010418381e-07 5.374037101913502479e-01 4.625955841308840855e-01
3.710150538565919892e-02 5.016532224060969991e-01 4.612452722082437395e-01
9.243246611021133097e-02 4.423223737517308907e-01 4.652451601380578339e-01
1.442060963725835809e-01 4.024207329938514488e-01 4.533731706335650813e-01
2.030583725993160560e-01 3.342026871328049320e-01 4.627389402678790398e-01
2.548947429111385610e-01 2.858410337768213516e-01 4.592642233120401429e-01
3.017731324038830931e-01 2.255304007502424435e-01 4.726964668458744079e-01
3.720991436344966430e-01 1.825196010954195369e-01 4.453812552700837646e-01
4.129103243424520620e-01 1.060044162720896882e-01 4.810852593854580972e-01
4.777173536158179079e-01 6.947217997653989952e-02 4.528104664076421648e-01
5.109599330177405641e-01 2.749352719603791531e-02 4.615465397862216212e-01
5.595260577011024195e-01 3.483630614585400005e-06 4.404704586682830492e-01
6.178702161048526187e-05 4.869125443207208970e-01 5.130256686576687430e-01
3.468325596845282105e-02 4.336781783428887427e-01 5.316385656886583044e-01
8.408205970524899875e-02 4.012638604499828565e-01 5.146540798447681864e-01
1.464512927435188960e-01 3.297795764983578737e-01 5.237691307581231470e-01
1.982727160443525927e-01 2.907243445240298985e-01 5.110029394316175644e-01
2.560996560418928314e-01 2.349983171932020776e-01 5.089020267649051465e-01
3.136019598197000713e-01 1.902219291103637300e-01 4.961761110699361432e-01
3.524516606943992048e-01 1.230151823176993675e-01 5.245331569879014832e-01
4.177005113364001265e-01 7.659232971447374472e-02 5.057071589491262120e-01
4.650672517720229049e-01 8.473920531039881576e-03 5.264588276969371927e-01
4.960092386185996904e-01 5.831714291393988252e-05 5.039324442384862657e-01
2.016876959808749914e-04 4.284389004406974344e-01 5.713594118633217311e-01
3.858095012849312166e-02 3.926905057949458544e-01 5.687285440765610378e-01
9.488670748324951054e-02 3.421817715934690196e-01 5.629315209232814698e-01
1.548535042557437347e-01 2.685197082819645864e-01 5.766267874622915679e-01
2.050137013480376191e-01 2.341313596081857629e-01 5.608549390437765902e-01
2.538190552873793027e-01 1.743237209208028660e-01 5.718572237918179146e-01
3.053952293679085273e-01 1.253777965738150091e-01 5.692269740582763804e-01
3.585112997689171577e-01 8.059786396738259640e-02 5.608908362637001765e-01
4.507909343892490539e-01 1.379561364909084890e-05 5.491952699971018870e-01
1.538566169958950953e-05 3.920756451129646103e-01 6.079089692253357713e-01
3.608596266530426921e-02 3.373519693911982698e-01 6.265620679434974472e-01
8.661073888697956580e-02 2.848292710632200353e-01 6.285599900498004544e-01
1.479300257763260795e-01 2.340695456695680021e-01 6.180004285541059739e-01
1.924817618190462487e-01 1.800746107907111038e-01 6.274436273902426198e-01
2.484287047108797719e-01 1.241654934035863189e-01 6.274058018855339647e-01
3.007370836047375540e-01 7.700912670074039346e-02 6.222537896945219416e-01
3.625551514530255814e-01 2.154835241035125797e-03 6.352900133059392607e-01
3.990892418491518989e-01 6.213858105796649613e-06 6.009045442927423153e-01
4.262122372469387876e-05 3.240926787967237099e-01 6.758646999795515642e-01
5.634295087712491712e-02 2.774972815128693426e-01 6.661597676100057264e-01
8.419314411232871331e-02 2.281113516216721759e-01 6.876955042659991246e-01
1.942182251200174348e-01 1.329515045105589821e-01 6.728302703694234443e-01
2.324697478592357147e-01 7.556041147873238106e-02 6.919698406620319320e-01
3.051627258681452459e-01 1.954267024285231621e-02 6.752946038890024205e-01
3.387827308964881934e-01 5.578282674241447653e-06 6.612116908208377497e-01
9.252207225722341189e-07 2.648211713902645648e-01 7.351779033890127879e-01
2.943132227112624233e-02 2.264531611063885508e-01 7.441155166224853179e-01
8.840022319854762278e-02 1.803816002345174641e-01 7.312181765669349964e-01
1.465223003819271785e-01 1.264964406916845863e-01 7.269812589263880964e-01
1.930646758961973297e-01 7.041750240579923437e-02 7.365178216980035053e-01
2.488120262798494964e-01 2.423909573350530814e-03 7.487640641468000791e-01
2.892420887334353208e-01 3.402204844168013651e-06 7.107545090617205519e-01
4.313532917233877984e-05 2.218962374719779806e-01 7.780606271988496081e-01
2.684411794426206158e-02 1.811579606291567335e-01 7.919979214265812084e-01
8.174262029169281074e-02 1.244564762518553108e-01 7.938009034564520450e-01
1.412158142161009933e-01 7.476691004921694195e-02 7.840172757346821619e-01
1.979350833813040000e-01 2.337040336813689390e-02 7.786945132505591616e-01
2.345160535323218276e-01 7.983755721048739658e-07 7.654831480921061582e-01
1.082927978934164031e-04 1.476350975470371585e-01 8.522566096550694414e-01
2.806075829759446111e-02 1.292700168526957072e-01 8.426692248497098525e-01
7.848776161610179769e-02 7.234892884616750397e-02 8.491633095377305596e-01
1.361537823731371610e-01 1.394951743486290072e-02 8.498967001919999209e-01
1.863514129094709926e-01 1.431120348136757345e-06 8.136471559701808909e-01
1.709422887763226964e-04 1.117267502349174185e-01 8.881023074763061409e-01
3.755361828906310373e-02 7.541051578110095910e-02 8.870358659298359649e-01
8.977484904758605000e-02 8.783132256608848672e-04 9.093468377267531766e-01
1.239481422303832653e-01 2.145000064161594799e-07 8.760516432696102695e-01
2.794190259157709017e-05 5.658329624612845610e-02 9.433887618512799556e-01
4.535958778145087605e-02 1.847574600427786097e-03 9.527928376181212800e-01
6.388258174964139835e-02 2.980689566675211004e-04 9.358193492936910385e-01
6.901638608548844053e-05 1.529053471760817475e-04 9.997780782667383681e-01
2.780823259270979986e-04 5.193259040965853766e-05 9.996699850836631152e-01
1.264399426949190338e-04 5.146895765593952971e-05 9.998220910996492572e-01
3.046205494169931804e-01 5.253609681592031899e-01 1.700184824238035741e-01
4.514516122650388263e-01 4.896683237040415360e-02 4.995815553645570617e-01
2.767964436556244467e-01 2.283948717735624356e-01 4.948086845708130066e-01
